548
662
199
43
672
669
356
721
471
517
426
988
956
993
375
68
301
605
294
155
190
999
197
114
944
834
401
501
324
484
396
873
836
285
606
507
955
962
919
425
478
34
413
124
26
788
192
327
392
176
172
272
175
370
387
809
203
478
309
218
962
706
90
487
991
696
684
635
657
602
60
826
327
473
640
353
951
522
681
32
388
543
305
563
913
382
62
807
860
371
24
511
767
805
998
448
500
681
82
847
974
142
362
991
305
1
343
946
213
714
979
602
257
974
164
860
45
917
666
595
288
380
105
745
875
793
883
374
163
966
912
827
798
273
817
794
966
160
429
178
564
97
780
821
761
635
681
806
241
36
90
529
107
886
965
982
678
847
46
532
502
958
358
991
921
866
784
576
716
212
445
279
0
915
791
761
239
471
567
481
197
657
700
304
233
664
286
911
511
332
132
703
980
491
693
590
46
476
166
762
379
301
40
379
215
831
830
455
992
396
936
189
744
635
183
977
299
469
577
500
491
710
893
160
891
586
751
937
752
607
388
821
908
118
890
122
950
720
577
631
115
202
510
549
838
694
215
827
853
483
16
344
883
909
504
773
184
945
399
937
551
477
757
458
595
647
581
234
366
848
866
171
50
375
411
888
759
626
404
612
799
420
646
681
18
149
453
203
94
542
139
335
18
586
794
614
923
374
848
288
221
403
150
962
469
561
849
227
877
943
529
676
362
174
356
381
14
500
274
799
732
413
133
441
689
927
745
612
991
282
590
903
686
740
864
845
991
403
71
558
345
291
924
708
465
970
779
479
469
52
277
892
155
411
332
534
337
76
145
18
48
736
921
734
165
784
268
156
186
340
404
532
631
327
930
786
296
708
265
456
450
232
347
295
643
369
829
671
135
975
689
183
400
299
608
565
82
876
411
269
906
815
491
226
141
420
12
438
818
968
584
267
199
931
252
533
990
80
203
124
745
582
307
144
571
605
710
653
481
811
612
386
626
793
303
457
212
315
585
29
282
168
987
171
789
238
704
778
9
597
902
754
869
900
899
439
504
298
783
675
108
394
752
424
187
54
882
89
59
156
810
341
325
486
202
113
415
907
892
424
193
483
177
62
382
766
191
577
63
974
251
863
58
693
977
245
747
858
24
806
705
834
837
29
320
39
833
735
636
414
849
519
898
25
271
970
482
463
236
235
436
488
788
184
180
765
429
618
312
144
423
16
978
951
45
988
680
569
412
315
983
260
834
570
977
105
540
458
258
776
693
384
954
171
569
825
936
688
132
247
832
245
264
810
195
1000
487
875
568
900
880
241
159
714
811
135
509
40
283
767
507
977
841
460
838
409
975
773
97
106
19
929
352
974
428
237
974
916
112
231
815
992
472
974
395
974
800
594
13
82
50
520
749
892
671
586
300
645
358
87
442
378
16
484
41
134
721
14
49
833
937
864
515
408
528
600
381
327
194
395
99
244
605
849
135
275
434
126
921
793
213
52
861
920
536
902
54
256
607
103
780
543
658
294
641
876
584
22
893
778
107
992
713
712
840
848
988
274
664
598
757
878
650
307
797
185
899
541
131
505
335
911
738
993
895
379
558
479
91
450
256
889
131
969
600
972
507
277
936
170
875
382
738
214
689
225
399
277
766
531
473
100
131
210
783
26
279
30
505
370
480
451
258
302
420
549
273
617
826
899
477
391
280
215
605
659
130
695
936
586
225
98
687
356
309
159
382
278
190
577
339
360
28
287
662
138
836
625
755
352
523
231
743
493
136
347
842
266
732
468
853
957
566
229
3
565
78
75
844
959
653
873
319
371
159
671
509
996
296
954
347
509
875
780
693
11
817
224
968
549
692
510
195
949
429
198
513
508
274
46
466
617
919
475
678
769
146
186
764
132
830
801
331
704
270
714
405
86
939
373
635
320
573
831
268
2
719
472
200
683
208
356
990
818
832
667
586
668
543
39
490
372
840
821
767
109
225
171
886
854
544
211
173
808
41
132
810
450
604
9
133
502
365
813
319
887
480
595
554
713
634
734
85
163
245
852
272
470
22
849
323
257
59
496
755
791
628
564
240
922
263
63
424
318
877
433
896
46
28
449
759
662
183
534
516
118
75
788
588
789
326
911
45
385
96
490
175
415
53
106
26
6
169
450
324
736
574
219
472
602
359
922
954
232
455
469
350
531
948
628
319
273
228
54
659
324
544
524
429
287
630
456
293
490
596
307
916
169
217
388
771
266
309
415
188
454
884
538
985
831
856
994
795
83
738
143
97
281
667
527
258
988
673
241
167
268
549
82
438
456
160
899
722
469
313
910
924
888
137
598
718
993
282
202
766
19
345
863
992
703
79
249
690
752
491
547
711
730
629
148
185
790
737
597
949
50
196
562
938
333
851
345
15
132
238
471
151
583
23
833
285
103
82
665
545
263
211
255
993
531
93
868
10
831
464
959
571
350
211
198
683
752
543
388
884
781
549
725
54
572
558
29
675
330
385
220
593
286
165
275
817
259
142
517
89
296
166
660
646
377
858
18
128
90
96
702
562
645
426
306
216
674
335
582
3
410
492
596
697
657
871
203
606
703
721
695
999
887
44
334
263
592
352
81
373
448
783
935
783
899
931
1000
573
265
271
266
676
453
863
62
800
423
265
406
817
986
791
815
872
836
149
825
117
191
596
490
640
68
114
422
658
44
111
230
0
72
186
366
525
48
428
325
162
693
731
979
369
521
483
931
46
322
446
855
514
41
344
153
801
149
265
458
884
67
688
574
139
564
940
665
613
57
990
465
441
410
133
810
621
616
740
668
939
876
212
452
918
246
295
718
395
250
175
970
317
553
543
457
116
483
121
419
540
801
574
671
210
707
480
521
323
911
879
952
786
90
93
393
337
388
801
422
328
666
391
646
218
935
102
25
107
914
134
337
404
709
8
304
105
178
825
118
779
704
69
565
794
853
648
130
931
449
243
259
114
634
905
23
258
697
739
55
610
873
83
13
271
782
317
377
960
141
495
739
535
255
994
329
107
641
149
38
780
392
297
585
717
892
608
665
588
346
411
197
909
494
210
180
275
217
247
925
48
742
663
584
997
346
913
795
988
752
833
457
835
820
41
551
711
339
906
298
685
316
495
284
810
395
154
775
302
401
700
350
142
52
934
830
399
536
624
76
288
146
533
813
966
265
53
366
604
959
664
980
966
849
263
465
934
417
240
235
508
630
585
650
682
209
169
771
435
483
847
413
319
70
225
975
335
278
340
629
928
694
608
893
542
561
357
475
978
597
400
485
917
676
826
599
885
685
369
9
859
907
423
177
977
648
152
1
927
182
630
854
877
238
746
108
799
793
274
467
390
674
642
997
39
157
595
614
533
655
624
391
561
46
258
227
694
100
919
310
283
548
163
850
476
599
648
966
392
922
122
472
286
764
468
325
612
754
630
144
98
253
225
659
299
483
576
993
584
494
994
557
41
847
96
208
446
744
173
528
356
295
690
332
749
848
657
50
291
286
885
389
229
109
738
528
283
313
211
557
807
204
113
539
50
900
437
186
333
300
404
689
595
784
20
33
632
368
84
613
344
659
2
574
769
740
101
51
53
2
608
550
206
411
779
948
0
215
133
333
515
228
713
800
11
733
524
333
791
298
947
135
957
949
399
725
688
500
466
431
193
764
672
399
865
450
36
865
356
861
889
561
88
601
51
99
23
265
123
815
563
69
640
519
17
38
935
395
228
90
517
421
855
188
511
409
328
547
965
374
407
853
626
185
143
677
285
166
942
98
671
194
167
310
403
875
38
337
960
267
118
476
688
973
354
198
71
373
436
35
747
843
888
62
719
721
429
694
888
60
792
558
254
959
559
658
833
597
685
792
864
803
959
242
465
312
130
227
685
566
262
122
99
841
184
818
561
304
511
448
364
302
697
309
951
946
657
783
542
341
264
96
835
222
28
990
225
158
216
600
725
479
722
514
9
597
331
570
591
842
709
955
834
95
263
784
40
610
256
272
952
520
58
476
433
86
465
348
245
372
948
660
541
360
173
550
647
194
810
237
726
518
882
559
303
145
32
343
445
288
306
396
498
364
562
621
141
718
969
76
89
607
736
630
967
599
870
613
793
679
850
208
888
731
457
190
566
489
224
11
777
530
97
965
584
660
586
725
377
244
491
156
851
226
476
817
515
345
119
998
714
659
205
601
80
662
792
646
841
706
347
307
235
135
272
509
485
548
925
862
482
415
708
333
332
183
840
847
528
650
535
932
308
430
533
388
92
14
34
623
720
71
931
645
206
202
153
691
440
77
242
922
183
640
945
515
823
785
51
40
434
276
973
742
707
195
821
489
209
545
111
929
616
41
573
513
934
416
894
373
184
136
295
367
776
239
572
289
714
313
19
838
590
992
270
296
186
90
785
395
635
896
13
941
628
276
453
561
693
37
935
567
173
920
624
639
849
195
618
563
508
638
90
97
319
360
393
506
450
868
591
775
454
295
406
81
571
549
642
954
586
576
210
449
185
834
779
34
28
396
597
227
33
377
324
353
738
408
549
878
966
830
343
419
124
749
500
386
297
142
29
884
408
240
22
594
73
801
628
793
197
915
19
921
291
33
964
719
441
202
597
407
32
630
516
847
378
16
232
365
849
953
939
947
192
962
540
956
762
858
748
649
462
457
260
444
491
914
853
622
116
139
719
839
769
235
375
146
942
608
512
790
250
450
736
442
411
967
397
864
514
836
202
977
292
152
110
473
66
963
95
873
102
814
401
871
739
776
708
680
73
219
469
323
359
896
765
771
862
853
324
375
378
216
41
670
369
842
143
435
805
929
307
597
432
708
157
171
173
865
541
247
83
701
570
133
596
25
594
147
568
918
212
946
133
254
305
502
95
138
627
590
66
624
877
499
21
34
360
195
899
901
442
673
601
702
806
887
417
89
33
985
6
937
620
830
190
926
22
976
63
649
256
821
273
132
9
294
857
59
179
446
650
621
118
251
13
614
828
430
393
552
415
399
488
34
919
368
650
941
343
404
280
289
224
243
112
924
227
969
983
407
414
632
718
222
573
731
526
91
852
919
643
266
7
821
991
617
188
331
247
221
735
527
511
649
460
623
572
688
281
244
785
696
566
502
608
139
924
134
230
775
743
563
731
751
383
411
367
571
742
614
482
166
832
993
505
291
305
767
669
587
10
453
282
577
646
580
406
259
714
326
724
457
579
144
898
962
555
955
222
988
258
704
844
89
387
349
71
692
115
740
278
817
884
250
393
529
831
489
478
234
505
201
381
83
345
969
735
590
923
647
577
181
350
111
961
427
460
31
119
265
462
87
81
345
28
164
564
549
653
41
783
848
242
855
931
277
823
355
867
746
1
134
617
42
245
577
469
705
609
588
660
70
366
742
105
394
906
669
943
249
710
415
96
952
269
718
228
783
72
785
528
74
919
144
807
163
411
275
558
19
554
218
780
920
960
885
3
555
553
636
804
262
741
901
904
701
618
822
483
380
607
10
144
215
845
951
379
255
226
627
966
470
535
745
389
184
320
82
740
873
718
543
826
148
133
419
849
441
932
331
512
538
31
656
443
876
607
822
822
523
139
787
993
674
221
71
549
541
153
288
104
561
521
930
709
345
38
558
786
970
579
297
197
611
644
641
486
941
152
307
463
291
784
145
656
5
216
204
546
59
182
650
620
703
269
18
47
999
266
524
968
846
511
165
456
154
496
632
785
648
630
938
630
103
82
285
108
989
179
345
47
361
995
357
754
955
376
802
953
332
15
610
177
216
775
323
61
961
646
846
609
275
784
238
378
866
213
177
855
392
522
902
443
206
950
196
160
15
688
803
347
703
413
525
920
878
538
981
839
183
516
447
148
299
375
217
856
278
394
710
670
916
301
803
812
250
999
973
956
377
465
303
79
878
518
689
756
55
359
284
930
566
731
77
865
796
294
720
73
378
119
433
984
111
235
796
51
924
768
7
300
923
310
70
801
828
449
246
883
499
530
502
64
951
580
619
746
564
339
509
943
148
632
926
259
867
721
311
480
178
318
471
101
318
231
592
145
370
838
718
869
367
220
623
317
490
242
753
53
271
952
996
419
583
612
679
139
22
680
619
201
688
780
993
5
10
584
841
71
111
558
940
478
468
253
485
958
495
928
702
766
879
697
875
461
999
243
600
21
923
909
222
300
379
905
996
389
488
836
150
599
84
90
767
552
343
942
200
528
559
902
984
437
288
858
588
978
792
878
999
404
476
911
705
855
815
700
935
993
226
84
281
310
865
738
552
898
679
442
425
928
33
98
54
322
647
642
990
438
209
988
842
685
898
236
230
402
937
164
394
162
939
675
162
804
412
714
701
781
156
817
708
189
915
762
201
251
93
190
689
993
868
531
677
765
457
597
166
393
761
250
245
700
615
407
193
717
812
894
497
968
400
895
847
5
346
739
256
129
929
946
121
797
166
489
251
313
85
108
707
537
358
642
927
974
740
119
380
551
703
878
208
794
462
54
799
499
483
745
628
412
380
440
899
236
619
840
550
394
948
947
931
997
588
547
660
327
356
39
878
59
607
85
543
760
831
341
258
313
776
576
415
156
15
3
392
634
844
632
28
481
578
649
167
166
196
827
183
242
557
61
301
163
837
844
923
357
875
871
671
651
447
776
497
152
780
579
477
313
211
195
794
789
844
962
955
730
478
829
973
34
890
964
889
416
498
501
774
62
372
134
403
819
910
900
661
689
479
137
1
380
332
486
168
176
447
814
596
925
642
258
650
221
913
538
637
410
38
410
472
100
544
566
609
144
465
270
833
634
407
525
13
740
10
873
606
147
686
892
71
17
150
411
238
62
949
565
162
678
666
324
778
900
890
387
43
355
347
567
679
754
91
383
183
792
255
789
939
631
681
700
338
521
111
266
273
750
831
435
427
186
759
896
86
649
282
820
694
629
386
62
72
167
135
256
959
390
44
897
711
415
597
739
626
708
4
899
147
526
23
575
712
783
470
798
121
442
618
505
70
694
257
833
862
393
88
820
473
824
717
875
238
3
613
555
401
618
453
548
834
477
122
545
950
282
33
761
724
341
265
484
34
212
317
896
605
95
406
78
919
813
953
848
816
565
402
907
873
545
454
706
21
267
942
971
549
975
421
964
315
686
447
39
899
454
936
193
550
31
271
468
844
914
5
659
169
407
565
732
953
709
438
664
976
379
325
215
43
746
178
358
432
315
87
20
770
22
213
9
53
175
477
897
779
173
245
948
580
500
680
222
209
808
887
184
877
211
399
920
957
267
968
78
583
54
789
352
768
2
51
511
868
218
98
646
391
33
284
972
534
654
884
743
461
770
617
27
981
707
637
628
974
294
396
246
38
185
288
806
878
339
7
745
558
796
80
949
829
54
610
362
708
494
795
859
263
102
576
935
809
212
252
472
506
648
719
545
833
697
40
710
36
738
144
594
533
916
232
362
970
843
414
368
336
900
226
289
1
493
223
500
705
165
662
902
814
70
136
646
768
867
46
804
605
190
87
137
105
319
189
766
161
604
133
187
193
49
477
194
542
390
384
247
556
45
839
369
116
975
705
574
531
441
67
135
632
154
273
427
473
152
192
325
756
325
512
949
375
679
833
917
69
216
854
315
953
382
374
759
46
78
332
578
520
399
713
842
243
676
268
406
829
461
731
274
476
934
914
851
612
746
458
681
653
1
996
295
384
59
744
430
138
766
7
348
855
411
880
97
777
147
503
605
298
925
570
465
858
483
5
469
919
463
841
261
155
526
556
539
586
299
659
414
64
357
762
919
768
331
706
544
168
209
840
157
133
409
622
991
582
627
149
500
781
990
762
936
516
7
164
101
307
823
515
61
179
967
671
637
988
376
872
155
585
711
312
408
810
624
398
81
251
238
581
722
227
32
657
433
40
821
534
37
333
739
98
513
395
769
149
382
145
711
228
420
111
540
829
611
164
917
692
105
154
964
827
72
996
173
505
726
994
39
763
326
468
552
529
554
10
369
626
846
79
854
266
191
84
785
802
939
701
184
43
546
147
560
618
142
733
122
559
726
852
11
742
10
563
271
564
264
330
189
109
409
734
65
290
818
850
783
756
241
967
489
477
113
48
94
946
781
907
504
196
449
516
938
459
769
899
22
32
228
902
833
328
635
898
618
452
438
90
898
369
56
386
846
860
124
630
806
905
226
1000
791
675
205
729
133
665
317
846
697
236
438
219
254
72
808
562
215
245
653
803
304
399
189
149
259
313
469
755
909
695
754
699
370
650
117
193
314
125
730
701
361
167
921
305
930
728
867
835
663
519
638
967
609
827
806
868
830
274
622
428
659
65
127
719
715
244
913
28
59
642
420
420
499
340
415
428
758
282
263
110
491
901
767
99
417
572
657
937
536
278
365
885
34
182
604
749
116
516
468
176
848
888
286
346
918
702
774
365
984
727
475
164
627
932
264
734
193
611
671
729
890
726
613
614
908
907
362
23
422
520
199
269
97
486
305
705
878
770
69
861
496
234
715
814
165
979
237
358
590
598
777
169
323
80
783
921
987
835
945
99
45
834
58
833
9
364
538
887
824
297
437
9
222
152
823
77
821
751
126
100
348
593
960
362
363
742
282
350
267
917
139
2
441
197
525
450
251
62
337
74
50
464
84
963
616
597
39
437
347
856
537
386
449
187
748
502
929
720
852
886
637
681
578
77
879
103
217
820
856
244
895
596
709
669
558
324
956
288
451
994
834
679
379
973
866
817
475
484
536
16
60
863
698
328
630
266
431
848
85
287
91
670
883
490
338
131
505
985
419
956
978
943
324
46
916
880
863
390
364
88
406
114
642
103
442
271
369
874
118
455
851
901
815
423
390
153
244
585
828
353
541
805
296
555
541
211
435
403
601
489
181
6
603
823
801
44
785
860
608
903
4
148
493
820
262
574
663
506
158
490
860
389
294
155
945
525
366
69
618
657
558
799
663
851
312
153
585
96
13
193
689
17
31
873
837
293
446
499
800
294
989
349
684
973
504
318
497
560
387
114
216
635
604
569
485
606
723
69
702
736
953
80
443
985
953
280
968
398
469
457
383
458
806
66
120
1000
74
308
249
461
112
465
95
716
34
270
321
447
339
713
873
292
794
315
967
746
285
624
835
755
81
217
903
577
974
713
577
47
20
826
198
133
982
984
539
706
253
551
843
592
263
715
574
747
720
230
493
5
855
17
450
626
925
352
202
588
755
469
325
776
986
213
599
657
196
137
362
449
688
204
731
642
609
996
388
18
916
571
23
460
278
163
85
202
205
979
480
961
137
805
736
122
17
334
469
904
161
521
42
540
725
774
872
23
459
259
42
374
521
756
835
799
610
610
692
815
588
862
775
726
357
200
538
374
224
7
969
76
528
10
616
944
474
487
657
623
436
389
998
957
145
522
446
755
131
828
259
410
689
34
826
45
925
53
110
149
751
769
916
970
779
531
603
944
708
259
566
143
339
563
791
174
775
927
619
597
444
878
697
132
602
522
869
527
265
669
366
16
437
281
986
906
502
278
849
209
537
415
42
566
668
523
740
133
449
358
730
893
236
116
716
838
638
274
54
593
633
110
609
760
81
284
665
583
562
204
482
790
309
215
355
667
738
95
490
187
453
910
770
379
25
175
908
353
449
652
947
81
763
245
531
844
530
196
117
782
90
289
571
89
504
617
446
242
402
937
119
545
846
889
925
872
755
522
224
203
173
861
976
936
106
506
470
636
392
277
107
172
566
679
261
761
986
708
2
387
334
812
932
179
390
546
50
144
67
966
348
241
826
13
176
932
519
336
257
602
613
365
774
870
734
726
320
719
123
12
796
457
824
727
636
213
273
377
358
340
32
396
581
858
99
448
480
308
474
427
910
778
482
374
337
215
790
657
624
913
669
419
369
492
837
695
395
109
762
443
139
794
529
411
342
628
549
512
937
22
939
536
800
111
600
827
326
389
483
641
301
151
750
360
333
586
746
729
385
197
171
525
992
701
626
23
18
174
535
645
887
163
872
377
274
471
203
291
861
687
622
852
528
371
903
862
958
338
590
32
535
761
247
216
151
873
239
170
737
464
505
624
318
376
691
592
848
894
573
398
580
194
249
108
256
842
660
904
179
249
936
715
700
183
931
852
746
170
712
483
324
216
797
642
593
487
925
130
380
187
528
651
72
467
449
328
309
108
231
178
357
166
893
747
39
824
288
786
684
1000
268
698
907
64
340
189
241
955
319
621
141
537
962
213
3
410
231
2
208
462
181
565
319
764
2
358
277
290
143
651
981
101
349
887
856
379
75
96
23
84
408
164
311
369
68
4
470
990
7
678
452
879
934
771
642
936
819
920
225
653
570
205
444
609
782
300
678
547
86
701
631
494
556
632
554
624
637
23
613
644
701
755
212
634
215
854
569
725
463
485
377
724
690
821
332
472
811
10
18
588
711
340
81
957
972
325
580
608
348
884
942
740
328
153
373
234
698
633
959
851
117
335
574
497
846
597
659
347
297
368
935
7
708
706
965
369
31
234
668
69
808
609
809
827
453
873
60
841
195
18
691
2
43
265
499
579
862
849
926
158
216
860
856
924
256
510
983
287
435
650
46
933
950
546
759
92
108
509
933
303
527
313
305
260
578
494
840
129
342
455
978
248
5
524
171
261
724
845
548
849
494
284
782
133
830
230
225
938
740
848
240
957
161
235
908
429
420
437
559
452
582
226
701
587
440
562
848
164
406
85
12
591
370
484
724
890
405
640
828
835
177
758
481
338
684
388
768
103
515
16
245
97
933
946
684
373
508
222
227
604
998
930
194
57
414
609
948
509
939
465
343
115
222
824
144
906
903
602
699
417
618
945
204
550
580
579
613
87
801
840
382
488
770
266
546
874
565
493
382
503
958
725
309
870
238
143
776
831
745
164
939
362
799
142
602
379
721
906
156
211
745
538
700
204
805
245
77
59
428
459
253
75
874
562
945
803
705
410
323
449
575
261
501
373
94
793
442
505
698
599
717
133
136
106
337
631
41
415
691
159
564
944
234
128
195
178
621
590
589
944
729
854
205
229
917
299
712
359
804
410
958
210
233
784
6
570
415
738
675
796
897
930
739
130
57
624
1000
368
213
278
311
942
822
206
861
738
195
572
787
690
672
434
900
905
218
597
475
323
334
840
118
231
769
547
51
516
170
50
884
383
328
886
14
149
782
875
578
978
446
364
667
809
799
256
713
707
853
878
29
187
718
838
108
176
384
159
383
244
901
266
627
919
842
331
68
624
205
336
601
341
390
958
149
879
213
553
585
757
430
614
634
838
451
742
14
525
591
397
769
491
353
85
410
886
416
168
509
621
194
800
653
584
447
492
463
660
44
47
106
475
352
740
312
803
171
326
18
763
413
787
253
767
873
353
652
288
211
851
600
405
340
252
990
787
744
452
136
789
189
243
954
541
673
265
34
845
282
52
297
695
839
550
151
711
594
493
690
805
33
289
210
373
231
199
850
665
341
987
453
220
920
96
762
282
362
486
126
334
538
423
28
66
664
871
468
948
53
848
752
87
136
652
460
57
541
0
722
882
677
866
102
596
962
554
568
323
39
695
657
267
808
376
23
161
937
181
108
990
28
551
76
855
202
227
912
744
227
634
625
904
499
417
189
150
661
757
474
390
141
821
347
640
887
61
801
513
242
910
503
271
150
269
125
352
496
37
95
413
361
411
316
550
518
195
700
179
953
864
259
784
375
607
423
952
668
224
465
910
824
658
871
974
927
687
15
113
414
111
526
775
522
533
14
730
418
714
599
370
578
859
845
643
465
267
594
823
181
58
422
4
716
984
668
333
670
684
446
83
485
662
548
697
194
562
426
613
275
25
673
543
884
517
185
38
475
780
551
656
528
973
351
244
646
18
267
315
392
713
88
877
374
636
573
259
197
690
562
163
715
925
396
288
132
272
16
607
742
257
262
269
229
613
203
876
322
470
881
404
182
970
281
247
605
544
196
493
924
758
346
328
372
432
616
504
704
322
801
445
579
63
405
499
366
608
64
378
769
945
783
951
604
754
888
900
297
774
392
912
221
428
239
594
860
546
788
254
868
589
389
137
342
794
636
708
92
390
777
861
334
559
501
629
312
389
528
299
853
920
210
74
37
450
668
587
996
455
841
553
43
921
690
385
714
15
784
806
405
560
356
430
809
858
58
120
937
586
109
789
195
10
863
923
460
220
509
145
676
40
698
409
961
78
485
674
93
268
170
499
518
526
619
326
73
677
136
9
953
245
489
147
255
351
69
405
572
268
240
938
308
629
346
268
707
521
633
490
789
803
989
997
18
297
322
92
974
458
101
926
394
590
763
339
632
522
435
894
791
675
831
98
303
867
57
700
78
690
190
867
492
869
554
200
166
876
292
139
24
84
756
108
364
518
447
996
731
882
579
211
247
99
1000
550
657
56
250
735
746
440
291
928
308
845
128
474
411
110
304
435
194
59
543
249
267
680
244
688
252
514
899
499
613
899
739
269
955
989
3
391
118
295
8
117
139
827
281
550
938
585
675
822
334
908
70
292
588
5
980
530
519
879
28
131
467
767
401
111
446
94
502
564
389
201
371
219
27
653
459
655
928
825
477
262
732
547
244
9
242
223
229
761
792
257
583
258
715
674
370
160
768
562
414
848
763
786
757
481
128
906
135
55
730
612
7
152
850
942
852
91
856
81
543
647
28
125
596
743
799
656
593
256
908
7
103
361
483
550
842
301
456
977
46
185
279
745
27
819
686
880
600
541
651
833
879
679
958
474
112
446
820
705
703
727
402
496
87
575
46
619
876
502
286
923
377
565
357
95
73
42
975
363
584
315
196
152
994
153
316
796
290
135
501
683
552
593
178
330
168
915
949
734
106
234
346
484
489
703
579
252
436
243
616
710
558
812
862
241
655
177
37
635
312
228
317
554
511
186
884
679
100
523
103
207
447
449
381
627
843
650
879
278
893
184
988
140
686
849
71
31
716
799
666
27
26
674
271
538
860
846
907
960
368
700
857
505
840
237
131
682
887
701
650
469
575
327
609
261
866
371
292
581
169
648
298
887
321
569
114
180
414
711
831
472
411
687
978
250
925
108
622
501
499
962
971
74
288
269
335
153
330
317
734
500
655
31
76
977
290
190
847
705
591
677
176
1
54
153
942
669
953
253
169
451
214
830
525
502
790
550
345
119
557
78
309
212
800
385
879
90
265
415
485
857
92
351
548
837
195
490
505
147
743
674
288
648
194
504
840
984
744
185
793
301
263
102
203
754
487
772
534
753
186
18
609
969
369
156
805
254
336
309
401
770
674
380
417
868
884
256
541
627
441
333
618
395
435
821
839
923
592
372
365
469
80
974
437
139
820
242
394
847
551
795
616
224
174
32
782
748
979
322
375
420
656
993
505
781
504
343
703
786
405
67
254
485
731
692
624
241
934
17
87
174
503
703
399
367
425
180
115
403
193
490
513
539
172
708
319
676
741
22
462
145
780
406
630
201
97
945
132
721
962
219
896
464
612
985
832
727
855
637
820
47
126
23
586
989
731
596
665
472
618
817
617
87
913
938
979
701
882
110
421
533
19
6
688
321
991
209
738
536
846
558
273
972
581
550
960
1
145
314
473
453
821
781
230
734
408
209
434
289
9
545
512
720
552
199
731
232
408
469
768
253
717
732
915
297
281
565
298
426
569
462
879
390
242
108
814
340
7
938
629
708
172
831
427
724
30
157
647
128
316
104
72
32
836
987
19
116
241
318
232
811
470
801
891
712
600
704
51
607
331
370
314
503
891
431
918
611
279
254
740
595
358
812
318
885
488
337
691
730
655
924
540
815
414
120
216
13
824
958
311
845
327
315
37
909
747
955
519
716
208
949
310
257
760
628
141
939
966
522
668
310
135
898
125
550
17
341
253
531
990
564
65
6
880
102
915
316
57
434
31
956
382
31
903
833
350
734
461
315
256
128
315
391
716
130
941
733
162
885
954
151
448
18
157
17
120
72
23
868
196
745
514
268
777
416
791
126
841
251
131
96
379
446
177
785
267
809
207
429
693
160
270
140
178
427
849
990
189
872
857
75
617
60
344
83
477
134
209
7
386
340
103
455
476
280
931
433
779
137
552
471
298
822
302
166
940
150
155
819
712
703
895
328
763
929
411
930
62
310
937
138
340
730
284
507
701
214
940
479
41
492
951
339
3
252
196
943
92
41
762
804
744
346
823
197
274
233
126
26
234
754
165
574
483
139
80
183
43
711
353
84
893
303
114
896
245
0
529
337
41
981
140
476
326
963
673
600
887
799
626
811
242
481
384
726
310
155
599
43
556
952
128
448
945
933
343
189
933
872
216
664
852
357
139
177
9
812
467
586
301
784
396
543
955
471
959
265
316
558
308
872
199
126
319
144
749
662
23
371
224
240
726
75
287
865
944
296
367
100
573
668
884
659
901
529
129
860
484
445
107
482
6
306
299
325
140
47
678
855
109
902
94
835
667
381
699
300
367
65
401
630
423
975
289
324
503
418
183
987
554
981
159
250
977
458
576
117
195
944
972
304
845
756
138
201
136
528
502
193
283
903
824
707
567
112
30
761
220
904
437
464
884
596
715
550
53
981
667
249
924
328
243
458
774
72
659
910
600
851
794
883
753
617
279
10
729
1000
771
639
903
207
103
476
804
508
26
547
488
383
486
101
402
730
559
175
802
217
776
91
68
569
664
511
185
944
211
604
943
982
242
536
880
35
11
373
233
728
920
721
802
96
822
203
826
70
378
317
288
153
408
46
412
71
247
597
705
459
891
648
130
824
874
9
859
885
72
92
303
993
503
104
779
15
307
294
85
375
611
63
219
709
109
631
470
47
919
175
196
499
513
16
322
386
26
872
961
98
654
263
781
156
57
249
862
54
543
948
430
153
10
339
552
811
660
22
548
268
197
744
768
400
760
89
786
476
961
746
265
614
9
736
461
757
986
322
812
528
269
241
372
971
270
924
781
930
946
328
198
833
762
966
923
211
745
708
688
706
454
643
9
153
378
470
910
363
793
721
582
752
652
954
722
922
567
192
542
513
210
430
35
972
85
959
874
830
356
561
535
810
203
545
653
271
705
253
325
187
974
907
940
316
550
351
928
116
234
159
319
444
589
45
106
674
694
980
504
49
230
729
550
123
273
202
84
669
455
409
856
119
5
485
435
555
527
52
672
761
212
991
895
801
35
0
165
419
670
669
469
590
397
18
403
361
911
488
29
56
587
575
175
593
751
300
147
277
42
509
37
254
190
932
746
916
623
911
335
983
579
804
263
666
512
666
717
422
844
436
478
431
11
343
23
762
333
861
729
376
370
766
630
250
387
65
165
700
976
500
373
244
994
636
601
505
992
317
618
836
754
786
266
455
820
980
907
152
530
635
528
590
90
849
840
167
914
5
868
890
195
240
824
880
566
424
384
557
742
692
82
185
168
38
330
988
17
927
139
238
561
358
828
341
206
358
508
810
363
65
389
248
996
213
127
561
637
202
809
68
584
891
944
752
620
273
739
327
199
569
565
450
927
393
791
823
751
990
632
804
54
21
742
50
234
870
301
561
762
800
630
345
381
573
97
0
537
526
327
736
94
893
186
20
976
667
843
416
656
165
219
401
186
651
141
110
520
132
671
972
933
300
7
313
564
795
313
100
320
640
526
105
222
402
125
197
69
659
613
415
514
522
816
700
173
957
810
383
89
480
355
712
471
362
24
725
156
27
825
166
667
40
271
890
443
87
777
512
746
390
927
950
912
433
649
84
389
148
468
168
628
513
570
789
875
284
513
721
311
27
887
669
68
158
248
201
245
24
713
681
104
329
630
16
762
278
791
842
116
258
700
434
461
270
223
335
554
426
746
556
144
633
224
903
481
472
103
726
186
816
406
291
835
726
307
597
694
788
438
810
46
828
243
197
97
156
533
342
273
969
898
417
601
121
319
81
283
112
497
469
618
593
450
452
318
447
48
11
235
176
821
972
4
755
168
792
601
391
824
874
360
721
290
961
532
299
733
815
411
229
975
719
823
114
171
831
562
910
843
797
777
353
768
471
798
936
262
399
327
777
272
687
497
253
337
720
242
760
224
344
680
198
62
192
3
233
22
565
834
555
361
610
599
128
80
396
754
32
485
80
809
758
457
997
701
485
716
943
244
940
286
614
829
349
806
832
272
519
396
105
73
447
405
362
265
485
449
18
208
934
790
707
381
246
703
81
731
108
24
666
48
0
279
567
349
776
88
312
294
484
107
57
621
513
420
886
998
869
904
896
802
693
603
874
630
996
955
50
104
669
716
843
360
686
99
399
461
187
711
445
361
819
502
982
331
612
867
18
480
770
915
973
153
207
846
783
202
490
523
997
850
239
529
209
615
628
608
766
815
9
210
175
828
402
156
849
14
713
867
184
173
471
156
326
368
692
799
261
873
321
257
722
250
787
621
865
414
228
320
920
237
220
94
755
623
942
603
327
654
160
511
827
321
358
152
690
740
641
951
612
963
898
23
903
684
644
768
789
873
778
708
800
999
492
245
621
433
848
638
87
698
148
914
19
196
757
709
937
87
349
238
49
246
262
953
931
906
410
409
468
187
807
959
185
298
203
496
422
741
133
199
439
973
803
148
168
249
857
795
337
205
33
76
451
295
28
71
891
128
170
49
6
977
7
882
966
210
378
77
641
201
276
770
173
769
918
342
18
464
827
355
359
860
431
811
845
150
572
736
969
433
475
975
409
482
857
64
382
925
832
22
125
107
793
299
567
400
331
585
865
157
630
223
708
751
724
552
901
987
978
560
419
452
534
828
624
80
583
5
4
414
719
821
212
201
119
779
601
140
53
465
988
683
689
695
123
102
247
715
88
915
274
507
57
498
25
681
269
608
687
964
712
405
784
614
296
593
82
897
733
135
362
721
508
741
105
632
843
352
36
932
958
310
128
14
808
153
385
767
451
71
731
163
166
514
777
462
798
550
49
530
685
411
941
884
842
46
205
374
88
241
996
736
241
124
440
739
277
826
506
729
587
236
582
754
440
358
906
237
908
955
458
283
55
88
857
897
825
61
962
914
993
957
339
233
80
780
972
358
605
477
777
882
713
358
635
153
406
231
80
4
876
538
287
932
627
834
518
451
895
479
54
577
126
394
810
206
864
781
254
158
258
30
39
661
388
365
504
795
286
585
799
161
122
776
92
439
299
301
891
193
470
945
460
596
28
269
803
582
49
56
740
998
87
470
349
165
835
853
650
120
127
138
972
941
604
64
379
903
55
269
786
525
905
245
812
933
514
614
205
254
360
945
251
137
104
290
994
939
834
643
749
961
782
721
901
385
475
280
288
220
239
764
435
143
9
246
767
523
550
972
467
601
606
409
738
711
699
421
339
532
64
779
493
536
499
393
921
664
363
899
884
603
663
8
746
672
255
202
885
805
173
352
95
470
761
834
180
459
945
209
682
8
988
174
544
176
257
155
530
311
744
103
914
406
112
349
768
367
242
343
862
105
695
958
575
145
481
445
294
425
655
976
124
332
840
668
509
788
513
38
98
257
142
702
353
945
741
121
311
983
464
863
88
849
510
353
994
681
799
287
797
143
954
921
475
793
278
674
270
792
713
368
739
545
760
91
489
501
212
490
173
366
42
952
214
553
305
898
924
794
876
720
627
829
640
101
311
609
776
582
400
178
640
138
413
400
920
592
591
132
81
764
188
123
716
403
366
711
991
290
194
866
700
821
384
340
612
696
949
77
968
38
255
297
867
358
387
786
950
978
608
30
742
797
845
147
890
901
548
880
881
742
746
581
562
129
921
173
515
559
251
172
287
196
470
153
555
857
629
194
525
237
916
957
724
760
103
613
350
651
492
231
82
237
812
644
57
422
507
262
671
448
435
958
645
595
801
890
451
429
83
976
356
999
932
79
448
725
692
489
65
875
720
147
802
221
481
859
333
679
121
3
126
246
651
771
841
451
350
291
570
124
958
927
813
579
696
261
995
78
750
750
953
159
588
754
380
68
303
713
747
114
406
564
360
56
24
200
507
375
181
76
499
829
693
311
408
389
262
92
467
702
842
109
861
429
863
931
188
856
333
625
970
739
188
329
795
213
529
992
278
401
759
777
229
451
778
637
530
731
419
687
432
261
796
984
690
349
604
568
204
938
193
174
676
381
193
161
284
413
152
562
814
601
338
42
743
807
370
272
227
789
650
659
740
445
332
430
484
937
688
689
874
881
553
239
953
746
90
236
158
243
799
662
534
827
705
276
633
74
239
550
553
889
209
293
23
231
413
508
858
100
887
731
982
129
661
934
875
751
860
724
684
658
385
218
485
780
184
808
544
423
358
97
1
257
80
716
488
493
223
346
283
800
767
955
929
427
578
493
869
438
907
552
95
983
460
580
452
645
78
997
758
436
784
760
693
864
475
871
46
388
907
19
878
364
975
496
481
552
989
349
990
586
902
776
258
51
45
710
696
123
396
454
249
179
904
632
733
68
503
469
456
99
489
23
463
463
519
945
705
197
984
385
783
575
160
731
627
205
441
322
19
837
466
268
707
59
901
129
127
93
599
273
883
87
296
346
240
815
981
945
12
964
329
485
539
489
216
856
385
347
868
94
183
334
362
580
83
953
710
211
736
308
484
619
85
471
655
325
285
325
269
988
288
289
163
517
468
379
372
853
726
240
637
599
264
1000
870
347
642
579
248
68
577
423
687
662
894
31
677
178
356
636
857
334
925
19
542
393
88
914
936
504
844
573
793
798
262
662
836
594
240
83
662
817
506
38
168
399
69
845
268
115
481
815
140
95
834
682
488
612
595
424
115
129
687
908
927
949
570
762
542
500
536
895
317
41
933
175
441
693
20
399
808
191
213
948
286
737
629
465
348
915
579
463
734
265
370
350
904
630
803
445
130
338
29
137
379
963
312
510
655
22
599
152
904
812
791
190
548
419
655
896
23
233
48
447
188
109
798
91
739
600
226
869
938
256
696
6
909
8
517
563
721
806
715
625
618
505
815
856
615
159
442
328
82
490
776
270
599
573
51
28
863
968
587
800
223
283
806
131
982
12
384
702
819
790
326
126
985
831
672
289
990
113
618
762
294
83
722
583
346
773
611
208
741
198
698
654
171
193
476
152
897
550
854
405
339
180
531
324
10
202
303
691
6
611
452
300
694
174
883
730
637
494
938
377
382
635
722
553
519
888
395
415
437
248
820
777
428
40
791
129
933
784
820
939
395
962
238
88
135
121
819
773
305
446
840
687
772
561
930
290
138
324
395
576
262
214
42
381
945
833
510
877
616
19
816
701
981
744
790
807
865
298
579
860
434
108
236
205
360
165
185
498
179
580
73
442
484
115
823
428
638
22
305
945
41
811
645
712
554
124
518
109
112
787
969
547
896
205
442
255
60
628
753
931
898
517
372
382
632
885
810
961
907
114
595
638
925
930
39
479
745
558
588
547
34
246
93
930
451
226
184
202
544
938
132
441
454
504
513
776
78
323
426
675
127
20
312
52
641
41
221
385
289
499
932
324
435
716
253
887
632
438
88
175
65
911
306
209
414
820
675
182
833
101
857
960
812
859
702
452
900
613
527
189
111
149
513
237
555
456
123
186
894
902
51
649
812
47
548
916
867
223
788
699
14
644
659
826
192
50
969
782
664
185
971
465
24
173
702
579
630
515
455
213
416
506
553
918
554
100
523
110
13
310
500
27
644
849
854
836
899
512
618
562
697
278
718
722
142
419
991
462
935
446
365
40
642
918
649
886
709
171
997
722
172
186
750
816
34
293
342
623
805
960
876
191
928
593
603
69
11
594
531
636
39
897
367
371
504
15
257
212
877
944
625
48
129
374
555
854
357
897
476
852
546
41
42
473
634
646
233
336
930
764
662
659
350
28
29
855
43
286
757
921
920
381
659
48
445
213
592
492
800
759
343
345
800
386
509
124
722
742
460
341
505
121
1000
546
841
719
400
884
5
847
494
615
228
153
354
363
366
946
856
166
704
198
201
194
274
710
318
686
451
468
26
647
279
716
192
119
435
592
694
130
128
187
745
356
340
98
410
397
44
956
253
438
844
454
322
809
164
640
494
615
798
211
952
77
927
143
887
51
425
580
181
554
768
617
600
798
715
9
194
449
655
447
578
499
902
900
307
756
230
491
60
27
702
12
795
319
155
682
370
581
952
242
134
719
859
734
517
263
434
401
403
88
849
981
277
440
880
584
195
800
766
946
828
157
958
312
476
804
994
537
384
946
469
208
354
17
632
561
280
756
653
683
845
501
663
121
631
233
396
516
32
161
461
550
318
419
863
485
913
546
712
987
181
180
194
226
197
516
787
477
272
439
851
807
630
203
618
951
126
13
466
159
865
928
399
874
36
261
358
949
498
69
935
679
940
819
905
136
334
382
303
296
821
844
102
141
47
721
91
173
424
558
22
289
175
422
162
211
373
520
850
871
279
474
240
218
983
144
44
316
526
37
303
37
882
95
178
619
816
960
792
240
207
815
219
382
927
381
283
990
591
823
861
560
296
100
468
278
935
512
285
461
239
278
498
120
373
366
739
189
15
221
119
223
726
28
295
652
409
579
641
690
91
191
249
78
982
407
356
917
919
331
67
157
609
255
969
673
311
397
552
326
618
671
549
343
699
535
685
798
804
326
177
895
207
426
973
880
833
19
796
441
40
553
288
650
808
947
12
118
344
564
134
962
234
374
305
623
909
990
110
712
5
287
606
904
403
269
783
926
288
268
56
328
821
344
668
318
291
680
126
635
243
260
286
167
634
281
480
542
271
590
944
967
567
550
560
970
819
342
585
797
300
641
815
811
676
483
128
967
853
254
291
96
205
267
954
839
549
124
71
510
404
14
476
972
564
36
631
72
68
216
559
59
547
374
870
222
857
689
879
709
633
860
495
838
127
139
677
676
263
748
185
667
762
351
328
16
77
960
779
837
866
338
896
412
712
765
635
258
453
203
657
86
63
843
614
190
672
290
556
625
728
431
982
490
782
310
196
550
960
975
386
515
2
281
927
404
736
251
352
880
455
9
656
208
542
269
398
213
250
644
838
978
74
509
157
546
819
353
95
468
18
481
983
20
452
910
425
879
851
777
758
996
476
103
203
708
372
291
611
622
935
138
600
8
648
757
555
466
801
340
935
819
822
607
839
964
206
954
842
57
421
289
743
587
392
947
986
765
928
596
76
863
425
366
561
72
814
806
228
614
146
853
122
658
460
651
621
666
605
153
413
716
442
156
993
835
793
978
289
720
264
365
582
689
732
834
451
545
639
679
849
785
222
971
442
682
621
754
37
916
907
451
631
38
297
314
873
89
982
161
809
245
217
81
934
949
605
74
183
243
754
31
719
976
692
851
347
312
294
74
228
200
215
549
930
512
553
492
601
535
654
100
780
561
872
404
199
166
478
382
409
922
103
818
587
485
669
934
797
963
699
715
854
914
955
783
426
507
274
717
732
618
507
512
178
68
606
67
234
774
449
644
696
242
151
282
727
820
907
214
783
605
619
326
518
573
799
634
771
72
351
502
381
548
704
249
617
1000
317
851
774
456
184
159
389
336
441
806
155
37
19
628
332
639
644
541
902
442
174
362
515
215
555
586
764
949
835
380
949
842
230
412
989
105
571
377
441
702
182
286
430
893
605
762
221
248
302
813
691
167
175
896
382
420
481
145
368
5
215
6
538
446
418
526
241
679
593
682
71
465
658
501
47
262
953
268
511
946
772
201
112
947
96
184
56
267
330
424
963
545
121
500
681
229
716
612
599
308
293
670
464
952
861
511
213
813
780
414
448
551
615
560
187
401
435
243
358
765
357
321
1000
168
511
371
398
227
983
687
535
967
356
999
608
907
200
511
409
980
926
858
220
230
107
97
322
542
30
680
997
77
691
687
246
202
748
334
429
420
20
654
386
66
343
684
973
543
195
381
212
120
238
432
40
346
529
362
578
249
733
575
326
113
261
572
315
699
596
434
118
616
88
505
682
121
188
654
664
73
726
876
884
964
998
925
1000
216
977
578
465
399
843
791
513
794
53
828
492
649
262
610
956
40
805
637
161
684
982
515
757
707
390
641
360
77
255
360
984
231
628
448
631
160
929
143
644
672
661
135
321
923
435
276
653
931
603
814
614
274
328
60
981
408
701
341
175
956
391
158
187
709
606
508
869
225
651
202
897
311
337
908
925
462
874
577
392
477
81
696
751
409
757
422
508
457
453
683
103
844
842
981
242
137
488
801
52
829
2
950
830
29
857
754
491
731
21
574
898
102
269
338
201
25
760
709
173
212
82
276
746
924
947
678
751
434
478
804
953
480
753
782
199
299
226
691
720
247
955
617
39
223
956
240
940
405
640
803
308
722
769
53
645
715
732
85
839
900
889
791
70
331
572
269
631
798
960
40
735
604
658
464
518
303
705
457
708
344
259
15
756
27
760
90
432
181
175
270
771
64
60
841
85
632
110
406
120
760
447
545
364
104
9
882
97
404
28
805
438
287
511
193
4
961
283
436
832
458
706
602
212
456
443
989
87
553
394
898
2
841
133
366
635
142
938
732
236
966
227
674
943
428
867
947
388
149
72
910
297
468
511
200
924
644
188
702
887
272
289
890
113
422
946
748
254
884
170
490
849
397
163
792
515
720
428
593
559
501
502
547
659
703
747
583
347
625
284
924
897
573
813
700
686
759
138
940
332
308
120
180
395
974
662
910
384
90
502
943
281
694
489
940
396
926
522
433
240
496
357
828
760
860
527
445
618
665
74
640
973
885
821
57
549
172
967
933
262
158
875
233
852
54
173
248
670
385
681
601
882
728
428
331
588
955
776
896
310
540
536
282
115
46
30
664
218
997
596
171
846
160
404
697
214
577
635
575
963
316
175
534
43
293
865
321
247
330
217
557
560
753
530
675
799
250
338
707
246
934
878
782
785
282
479
689
859
113
263
511
119
128
44
854
421
599
174
359
929
391
606
489
834
826
163
322
75
192
29
12
816
907
794
600
879
272
289
738
76
242
939
195
61
674
739
482
272
914
531
201
995
137
380
829
653
233
150
729
425
179
741
932
777
534
531
655
497
510
82
573
443
21
458
504
385
197
676
657
110
898
548
795
34
618
623
687
852
464
105
967
643
846
898
109
70
119
765
567
319
847
830
762
558
287
956
943
484
632
290
284
529
528
79
253
146
392
630
998
856
736
654
189
271
552
298
341
671
753
598
680
290
427
442
538
405
397
171
579
719
461
554
247
679
323
190
825
715
511
512
261
246
166
450
207
718
438
239
78
191
527
758
171
645
890
709
49
287
880
318
696
30
872
944
710
885
824
534
600
334
46
551
270
212
691
168
620
128
407
698
9
934
145
180
268
35
580
7
12
459
326
708
490
888
341
890
773
856
423
372
189
159
613
150
371
303
318
681
121
725
378
131
348
214
1
617
940
581
624
952
731
640
349
911
528
691
800
300
546
913
362
425
72
975
575
133
277
893
815
398
307
883
219
656
96
912
963
35
182
276
677
913
917
26
513
134
407
312
434
953
225
796
67
988
460
643
120
427
225
935
825
533
818
735
879
604
646
531
640
828
807
6
431
413
32
944
547
439
947
671
81
862
156
149
849
616
792
659
42
16
594
558
239
101
292
117
395
628
648
725
455
145
732
886
558
764
520
796
894
466
156
975
17
313
123
866
929
605
524
662
312
808
219
551
599
201
359
995
829
6
409
974
842
140
860
90
595
69
576
488
535
732
462
242
44
276
107
664
881
321
325
883
820
234
124
108
125
483
793
954
179
202
927
21
342
476
802
937
545
377
424
770
108
577
11
153
853
809
507
423
821
832
997
330
756
120
438
881
293
231
524
472
433
450
183
465
617
985
92
852
361
516
312
470
783
13
313
325
823
820
439
333
341
435
663
96
245
100
667
538
21
190
700
144
330
884
610
637
558
702
489
920
908
801
79
691
504
392
706
326
211
144
349
242
269
11
338
514
803
695
51
514
575
752
659
905
325
268
232
883
970
721
492
567
211
571
257
715
963
654
732
864
798
80
796
67
783
824
581
275
518
323
789
92
765
447
688
89
405
920
662
374
330
154
632
231
725
889
946
378
232
367
932
30
138
728
788
611
551
368
886
69
381
364
852
145
502
229
925
907
148
587
972
168
741
603
399
465
181
35
533
414
402
465
134
540
883
922
150
433
980
726
192
361
781
735
196
282
964
121
879
112
708
850
971
448
142
370
603
324
405
136
428
807
291
562
37
173
483
878
296
462
294
489
513
74
223
710
356
877
831
234
989
228
775
650
366
917
19
969
931
114
795
358
611
776
920
648
639
402
216
936
555
510
114
67
584
27
467
630
904
988
554
583
215
328
232
271
936
942
931
866
55
725
224
666
191
834
314
830
236
220
455
481
730
259
238
313
286
706
633
881
693
186
463
599
205
385
870
140
326
800
5
381
215
920
46
96
754
50
926
680
270
71
160
1000
330
398
2
307
794
325
187
487
512
650
776
717
725
645
547
50
135
242
431
40
162
167
136
916
218
752
285
178
823
445
869
844
533
871
150
327
196
337
504
398
677
970
805
401
304
351
451
439
593
572
479
445
739
305
50
647
57
335
826
880
470
694
723
3
254
563
20
140
900
214
538
266
874
32
667
177
383
808
307
667
69
476
802
499
782
853
836
839
187
661
718
348
44
131
41
990
694
61
820
284
966
358
550
839
80
908
15
154
405
322
821
165
489
312
664
270
164
499
108
42
851
516
390
585
337
431
264
722
182
84
5
838
132
245
676
212
843
381
366
939
394
877
103
883
189
767
152
43
956
951
85
496
466
165
81
494
286
345
215
158
429
220
996
251
155
671
464
999
743
830
937
136
397
39
709
276
496
551
319
141
501
95
638
657
260
719
150
237
754
365
395
874
275
391
124
431
752
588
119
494
108
55
320
195
785
719
471
971
269
790
111
770
575
439
117
836
157
267
763
602
633
157
475
598
238
289
28
991
568
838
174
676
893
185
871
367
904
31
27
173
511
139
633
86
268
750
612
426
17
374
718
340
221
883
628
460
171
657
450
739
184
314
104
768
499
665
134
93
696
853
266
207
682
899
293
950
339
905
65
46
278
783
386
499
665
13
649
837
360
789
265
545
103
370
2
292
34
136
385
731
989
341
628
360
931
921
310
269
515
375
315
483
158
391
672
513
94
321
39
455
109
305
690
903
675
692
195
399
518
580
820
197
612
447
557
542
57
867
811
262
933
816
745
90
206
417
603
300
738
643
445
537
638
825
440
2
206
635
401
725
905
221
612
516
358
168
748
106
726
558
368
658
63
113
438
960
530
731
951
958
63
395
494
701
911
934
703
116
258
795
841
163
15
142
369
63
311
117
169
727
365
538
74
429
341
512
78
561
933
28
518
997
114
702
387
24
326
781
140
584
575
672
437
280
814
807
343
815
614
203
541
979
431
305
97
772
507
176
22
440
204
230
126
318
932
203
32
948
984
173
532
558
535
659
528
348
155
562
163
769
765
394
438
195
700
535
657
206
401
679
336
606
909
152
614
530
356
647
478
339
510
700
588
44
358
115
82
204
367
245
973
131
330
100
16
720
636
363
616
36
41
953
332
640
795
637
170
150
283
648
180
483
37
768
527
85
573
299
289
941
545
953
762
565
52
469
284
378
832
590
105
874
232
437
513
27
764
373
177
46
711
357
219
748
815
436
834
78
736
813
18
971
455
470
535
198
939
509
576
771
98
371
334
21
499
847
48
262
911
225
1000
621
273
218
369
87
655
893
165
80
395
874
50
851
344
275
48
973
474
314
743
262
686
767
283
184
614
331
446
214
247
445
835
520
354
203
607
699
786
463
779
181
26
829
722
60
794
770
33
267
774
466
529
149
233
813
333
537
143
470
751
390
605
585
600
959
479
898
657
955
360
435
135
76
954
547
137
747
316
861
704
781
326
233
930
249
45
263
786
879
423
226
960
27
502
559
677
671
146
333
625
506
459
451
273
102
998
410
540
4
270
243
785
286
476
404
536
211
357
11
90
780
238
740
498
430
298
174
100
445
197
415
641
346
866
604
139
554
13
679
248
974
922
723
260
88
126
796
299
484
807
79
954
735
819
141
164
808
315
955
943
203
370
273
239
926
568
378
169
581
56
417
555
669
139
505
447
957
991
436
130
487
516
774
222
24
916
76
522
230
31
154
123
91
118
363
707
686
431
877
957
178
293
201
537
123
706
984
770
696
419
900
183
625
363
95
340
278
171
552
199
893
707
322
674
825
375
381
200
807
257
156
985
240
358
211
53
63
194
823
450
303
412
633
929
776
728
959
53
589
510
252
172
907
265
846
421
640
226
621
136
173
778
811
414
826
21
467
579
906
981
28
209
392
351
828
167
78
786
912
358
986
163
530
893
118
65
313
449
983
935
585
155
402
86
259
918
798
417
496
704
397
525
603
789
876
120
647
645
596
558
2
581
721
222
473
530
287
477
979
960
101
253
115
193
339
64
110
828
481
606
221
878
821
824
357
387
634
3
31
229
561
724
810
972
636
974
501
613
450
479
573
241
423
378
434
762
442
544
279
924
840
500
801
661
13
157
47
647
160
769
876
411
182
376
383
818
349
574
120
489
744
693
730
166
70
854
618
513
87
898
436
927
87
927
277
101
775
14
438
625
473
314
36
655
380
109
162
419
683
283
908
116
976
327
282
737
871
901
940
958
488
375
884
575
992
852
676
766
866
805
81
339
809
117
684
188
917
847
607
289
129
514
406
795
531
378
221
401
278
160
358
766
225
932
31
217
783
707
673
339
511
444
368
319
561
51
197
167
588
804
457
407
7
553
202
538
931
113
629
209
274
677
665
499
609
696
406
81
93
770
420
294
213
478
304
465
530
501
632
117
996
779
525
2
331
417
231
262
530
550
161
494
227
516
994
526
903
89
297
686
549
408
980
763
886
974
227
415
165
549
223
851
328
438
853
349
855
774
301
74
14
462
569
932
669
252
457
571
341
754
256
891
852
926
343
738
590
260
843
755
809
65
605
827
503
147
176
47
612
477
122
626
630
691
247
298
633
704
559
974
147
505
554
1000
430
587
737
710
847
269
464
656
335
759
172
528
597
38
576
899
206
698
214
836
78
461
824
711
164
72
374
1
577
619
691
697
205
117
407
52
387
561
398
722
10
570
249
297
609
515
195
505
212
409
340
981
870
854
691
724
616
756
415
192
374
106
579
579
223
676
631
300
928
28
21
938
289
962
234
588
476
119
92
379
218
122
359
778
666
741
191
281
186
606
163
560
402
432
138
626
108
460
926
35
178
638
663
157
289
587
745
455
706
527
834
614
339
884
391
4
314
582
976
500
187
138
750
590
261
578
906
369
37
521
94
907
849
757
63
137
33
499
593
429
25
116
42
55
690
433
59
3
705
726
193
892
554
943
171
815
521
767
183
248
979
968
154
827
414
909
655
447
407
938
566
122
53
608
177
744
731
928
437
435
653
631
17
897
263
188
712
474
646
585
723
624
553
567
140
967
165
795
104
262
732
670
75
476
969
943
910
699
870
346
134
212
667
842
109
621
720
511
94
365
95
507
679
648
765
820
305
620
304
99
883
727
769
958
893
427
900
802
126
460
838
951
672
195
792
471
506
511
982
290
567
77
488
245
415
252
755
410
872
750
509
444
476
969
401
58
395
301
860
521
761
387
161
122
272
953
284
778
154
265
68
721
32
556
966
138
498
411
548
59
160
57
504
326
25
905
74
110
896
624
632
346
10
793
469
283
436
753
751
590
708
819
310
431
64
966
569
562
66
807
312
917
864
816
242
579
410
316
690
306
940
11
652
641
494
811
614
930
253
364
209
652
874
209
82
938
866
341
190
932
147
192
849
702
7
781
280
107
788
660
413
417
671
756
57
165
256
361
785
510
726
995
852
289
203
624
917
68
965
797
691
802
989
539
503
996
9
474
103
797
824
206
214
495
652
962
350
909
323
134
108
739
128
960
718
22
273
634
781
928
431
471
729
419
700
923
105
710
86
899
196
910
795
100
404
447
62
444
45
75
579
844
504
397
493
912
109
766
545
891
693
666
51
111
776
752
33
571
151
119
469
347
720
954
448
814
90
200
258
826
966
837
669
159
924
161
70
33
617
615
614
309
281
665
111
747
416
144
317
567
955
476
605
674
429
52
177
210
252
435
35
908
962
705
66
886
556
136
919
173
441
532
172
412
887
283
158
303
118
475
560
763
951
164
126
380
907
303
590
158
739
315
756
700
19
822
585
266
958
193
129
89
415
992
501
302
275
660
295
83
134
545
846
85
710
972
155
616
965
435
465
703
750
220
93
460
733
368
726
380
252
855
469
357
536
971
659
811
630
644
584
454
189
429
539
589
90
384
895
55
819
49
448
569
270
231
28
693
600
444
72
542
989
542
899
524
512
248
25
832
892
609
285
771
38
825
49
819
208
945
564
718
994
703
286
954
934
4
646
223
448
719
765
436
951
664
650
462
912
675
984
493
284
268
264
12
783
3
521
682
948
85
399
632
478
375
275
411
379
922
325
517
330
89
953
280
753
292
432
354
968
415
848
942
683
802
954
156
805
474
838
443
249
236
765
727
611
39
829
680
651
153
196
981
242
839
951
686
130
382
730
788
797
577
729
170
68
372
326
564
847
163
6
786
89
461
203
390
500
31
69
842
184
956
822
116
794
773
492
614
845
222
402
642
489
130
502
558
503
828
121
39
681
818
515
770
278
718
159
468
749
919
309
623
874
822
430
357
284
922
971
128
834
372
460
323
193
962
571
696
479
692
425
159
199
940
619
167
658
468
635
96
386
635
410
950
146
840
306
430
451
968
248
976
339
399
298
532
50
869
918
530
250
342
379
139
973
999
306
630
466
631
416
543
956
826
182
101
355
489
221
807
456
470
782
485
559
770
708
609
328
625
829
268
658
208
97
630
897
403
950
52
724
365
595
370
191
778
471
236
957
383
733
102
853
204
277
101
974
985
710
992
300
539
259
958
437
356
587
333
449
536
385
864
591
671
233
472
138
394
709
785
777
441
577
319
646
854
420
309
529
130
301
829
359
250
786
486
297
62
819
436
288
894
299
879
254
222
351
82
617
750
867
393
881
133
713
216
988
823
526
206
643
517
34
1
767
510
177
754
572
686
190
860
580
179
428
524
402
469
607
709
218
163
101
790
297
504
5
975
327
531
180
660
47
214
352
505
724
529
949
986
215
138
535
485
8
963
8
100
122
305
809
340
469
600
820
766
104
826
430
121
46
610
781
785
514
823
289
928
352
928
913
257
66
137
742
765
99
440
865
221
746
673
252
905
272
71
360
66
587
790
878
634
399
349
418
603
171
397
530
213
324
132
470
80
269
211
845
58
342
399
280
778
71
222
682
34
984
41
791
571
521
669
895
920
17
312
212
879
399
742
92
413
874
562
494
142
464
28
891
806
428
170
583
189
82
955
223
66
686
705
327
206
373
221
816
80
223
27
649
622
769
741
725
332
994
218
164
147
247
54
953
365
916
225
554
998
870
468
63
555
172
390
761
235
301
576
315
524
293
964
836
61
395
561
83
78
469
247
225
406
301
868
771
216
783
15
905
652
483
968
206
655
48
657
890
39
923
895
254
215
548
780
967
943
30
49
20
500
296
936
906
287
803
367
504
585
382
408
236
555
65
132
900
804
479
789
844
401
373
97
616
921
877
582
554
908
631
264
97
617
200
693
905
693
59
98
278
131
506
204
686
261
337
585
756
816
63
599
908
126
386
523
738
953
796
982
550
116
245
647
734
135
30
638
519
780
736
797
912
932
691
287
883
27
563
638
534
316
927
131
443
312
654
180
956
139
852
505
947
787
843
680
923
873
7
131
652
433
928
253
54
618
231
937
336
794
265
560
800
191
691
242
194
34
112
149
865
964
344
811
751
877
180
363
749
878
494
91
310
111
34
54
419
265
681
445
749
946
4
549
828
385
481
712
420
594
551
975
247
895
785
998
772
655
50
210
532
234
992
842
345
26
586
455
982
266
900
731
212
595
970
730
980
450
441
89
734
992
63
672
576
538
359
37
192
410
248
724
644
239
255
680
956
841
134
938
107
33
668
9
628
327
429
298
467
870
77
201
551
141
873
126
369
231
164
252
331
102
666
976
341
922
345
297
452
479
925
249
202
282
949
521
609
377
819
75
937
896
967
487
727
839
304
96
761
158
38
91
260
704
757
291
625
101
278
768
270
202
16
473
484
656
684
92
32
502
168
660
87
825
146
505
664
140
291
114
298
329
896
558
32
343
850
348
444
127
115
405
330
822
568
814
167
251
597
200
443
455
860
530
279
696
725
633
837
15
747
134
344
333
383
67
676
232
415
810
49
220
214
379
732
782
884
900
723
170
790
165
625
339
386
904
34
110
537
561
817
974
386
160
306
769
227
982
0
332
792
49
552
696
119
284
168
693
183
891
863
973
747
487
311
823
80
35
623
307
597
439
972
983
290
277
751
207
950
441
540
431
180
91
817
990
65
985
682
248
566
544
911
312
721
912
825
802
948
447
799
234
887
770
907
867
738
347
73
377
788
613
808
658
395
314
648
460
299
329
399
555
564
1000
557
284
912
381
776
549
828
265
473
404
34
379
961
772
726
34
839
203
337
336
861
732
651
508
883
640
528
972
194
91
971
751
65
572
822
842
811
649
106
283
744
831
662
704
293
77
428
131
971
766
468
832
187
809
29
69
448
247
40
642
338
702
82
94
964
904
626
775
242
422
57
986
252
410
380
235
177
498
367
148
263
525
670
451
333
699
210
471
637
942
112
665
333
194
759
296
788
384
70
29
806
819
706
749
228
776
984
405
273
40
553
537
565
913
678
588
302
578
58
939
519
861
603
852
745
362
148
532
436
909
562
933
727
267
681
645
42
664
50
5
395
293
232
960
206
910
238
508
488
987
136
697
538
739
549
282
791
387
815
227
986
66
850
713
23
530
357
65
884
97
70
278
81
303
929
978
903
857
175
80
843
311
778
380
740
16
663
531
93
167
448
78
924
297
791
947
517
839
11
400
626
772
679
707
765
297
374
358
153
549
128
996
550
906
66
290
612
419
821
705
586
959
784
509
946
264
455
462
793
156
862
109
618
230
506
73
527
881
121
680
429
249
676
670
846
432
960
457
851
470
853
126
428
326
325
373
280
470
525
73
316
386
873
934
617
378
697
143
258
508
514
378
758
880
47
603
311
6
750
161
166
602
287
594
618
302
657
899
772
181
662
87
257
534
711
564
912
408
708
861
916
912
238
363
791
976
656
101
672
96
953
838
388
239
121
6
541
778
905
2
649
256
89
596
790
800
160
391
898
558
251
504
469
179
867
259
154
213
360
826
309
312
353
697
241
474
703
472
942
297
164
280
553
253
877
32
52
36
424
641
284
365
144
753
545
10
11
389
223
61
906
532
63
258
920
995
733
622
156
364
920
320
645
162
263
521
195
315
247
309
646
531
364
790
283
909
491
985
989
404
736
894
627
489
842
546
173
264
167
329
629
777
339
273
940
602
484
825
607
731
133
253
952
497
733
925
96
223
599
775
628
334
358
254
513
199
490
686
154
657
705
783
434
734
746
63
335
229
888
632
650
711
575
291
207
308
215
994
531
814
768
849
838
125
793
350
15
282
726
169
940
430
952
63
163
387
817
188
306
704
510
646
414
85
937
311
393
842
305
614
655
763
153
182
889
946
532
904
228
257
763
858
377
714
611
230
791
117
418
96
821
928
742
925
703
678
235
786
519
230
400
864
994
553
45
572
188
267
475
106
214
928
654
281
641
955
511
431
71
619
217
892
236
959
506
940
636
742
725
845
662
815
398
655
57
133
226
246
90
391
42
304
318
697
275
649
651
786
770
723
94
987
304
330
945
811
960
270
242
685
805
594
189
202
249
247
335
165
493
115
247
225
419
255
922
384
905
263
860
364
676
954
351
980
975
986
480
934
256
412
308
751
6
498
954
946
745
979
801
928
94
47
152
203
303
74
588
898
27
447
261
703
91
612
372
65
288
543
999
544
955
307
294
651
805
938
286
239
607
87
166
391
825
318
594
818
82
872
715
109
9
977
502
100
278
875
165
566
417
854
800
61
851
785
713
655
722
689
894
18
776
750
409
291
759
694
108
841
565
824
641
264
800
833
364
768
707
219
334
814
73
824
876
924
608
278
269
20
967
853
38
433
293
138
724
51
832
832
582
86
655
222
351
144
746
715
603
452
625
937
957
388
450
832
1
58
800
270
769
766
814
807
198
106
635
612
157
466
444
739
553
98
652
904
934
87
308
536
229
933
162
185
320
612
707
12
360
506
282
128
963
786
626
160
582
260
773
429
417
907
168
970
695
510
563
628
287
561
854
516
494
15
702
504
318
408
516
678
605
489
497
567
965
122
417
547
72
189
976
489
786
834
148
481
33
401
108
320
963
963
837
146
668
228
650
986
326
857
664
931
35
851
497
1000
663
605
236
735
484
212
915
270
736
753
751
770
154
859
89
116
511
616
262
179
844
602
855
861
148
208
791
874
58
979
874
721
583
800
456
66
11
60
336
748
813
777
207
967
636
987
773
837
603
725
706
136
327
561
997
165
769
478
39
828
456
603
238
729
402
384
795
104
444
822
542
257
598
749
914
924
735
687
451
27
411
156
164
428
717
851
594
176
328
323
694
784
926
932
202
327
316
998
431
760
509
973
707
797
411
311
721
146
998
862
864
98
17
27
217
425
879
501
601
897
824
294
371
439
916
573
766
231
570
888
682
769
550
388
566
962
699
977
798
386
838
661
175
545
689
82
970
257
273
260
153
96
244
524
535
160
788
991
81
357
568
763
817
118
842
72
79
230
739
877
307
266
537
172
811
916
254
781
863
527
731
707
313
976
921
538
135
708
218
216
756
787
670
572
905
511
334
674
431
72
240
738
338
777
910
148
383
854
619
936
380
40
642
693
15
563
921
841
961
139
56
716
926
416
978
520
927
1
193
358
73
433
786
101
900
696
941
973
549
249
909
620
289
550
2
304
803
924
144
454
62
892
169
678
307
838
888
925
839
80
973
603
203
758
704
102
143
644
766
693
894
674
2
182
914
4
177
717
928
11
170
680
903
29
47
901
557
935
515
86
705
487
689
908
244
392
701
78
727
466
771
620
139
463
492
52
467
669
459
85
371
319
455
964
39
503
864
596
127
378
682
833
555
60
430
490
453
130
568
179
286
28
489
115
491
981
168
958
340
317
733
711
327
188
364
366
381
228
652
508
296
24
30
542
84
461
31
227
591
599
406
878
317
895
993
808
566
851
455
596
859
188
306
185
66
360
241
447
588
583
645
575
297
676
807
382
136
838
609
727
126
706
294
133
290
978
941
856
518
85
451
376
964
447
251
29
808
182
166
85
456
812
350
753
487
156
134
623
684
434
39
500
830
24
633
119
1
263
666
519
349
807
586
2
945
527
723
442
400
889
527
856
700
568
608
877
414
433
499
789
557
539
288
386
253
612
505
254
875
861
463
914
668
739
917
612
957
639
53
356
527
270
211
918
528
509
794
943
942
984
421
188
212
709
574
465
10
770
719
886
630
872
799
297
301
715
909
257
43
962
613
261
923
514
178
450
713
662
392
655
645
503
533
857
212
107
321
222
877
730
798
506
602
597
494
593
1
402
850
736
54
152
997
977
666
865
426
378
526
509
723
171
11
256
718
914
53
39
827
620
769
624
125
60
911
309
653
603
712
192
28
456
344
24
122
700
889
548
769
104
747
181
966
449
127
684
362
180
723
879
800
181
193
616
933
794
925
275
396
326
468
424
472
502
138
594
893
717
833
661
512
579
842
477
27
970
160
80
840
573
649
330
445
842
636
67
636
560
342
722
577
500
837
48
693
665
643
585
382
165
245
894
744
777
60
462
436
912
232
967
484
881
296
619
413
932
686
739
181
719
150
448
909
987
497
601
342
830
876
414
995
811
307
428
278
57
580
714
969
812
680
143
383
666
762
796
287
138
224
469
857
374
607
455
51
794
747
393
623
622
807
307
433
804
426
711
861
5
114
520
818
485
663
891
150
424
686
128
562
600
287
108
974
894
254
24
688
0
107
0
622
914
308
745
407
734
145
959
739
951
478
246
435
140
136
275
564
512
403
817
111
690
615
776
274
869
490
962
869
598
962
181
511
960
616
609
383
452
567
813
402
44
58
837
184
886
802
438
87
205
254
890
585
560
665
859
118
154
820
678
442
472
859
644
431
164
252
505
616
819
317
17
553
65
544
737
951
346
174
729
241
119
618
826
369
973
375
487
817
885
164
259
356
713
593
478
878
845
983
493
353
990
201
906
54
435
332
696
471
506
424
712
315
732
228
684
394
603
171
210
177
25
159
534
739
752
702
616
286
374
799
329
363
690
234
417
125
256
112
596
453
536
999
768
958
226
142
351
519
3
252
386
28
411
920
767
854
311
72
830
685
872
159
738
251
83
155
66
340
958
663
793
184
351
250
141
267
392
493
476
395
745
862
114
846
472
881
389
783
644
219
158
205
68
896
456
151
741
523
491
699
876
974
573
226
224
714
183
616
897
659
702
331
520
816
177
992
386
256
465
29
475
623
234
543
208
691
385
950
904
876
338
779
540
911
695
764
314
568
379
211
226
771
542
436
586
409
118
973
666
583
692
831
896
927
374
103
307
759
743
901
324
771
369
864
681
754
627
996
321
697
897
547
467
438
983
744
538
791
716
203
373
97
33
959
23
97
753
20
546
495
611
561
957
980
114
637
733
432
322
53
128
218
290
285
347
964
28
885
754
434
778
127
532
501
776
245
289
528
957
835
714
567
85
670
547
200
306
970
632
319
23
450
537
313
735
574
967
764
148
721
888
926
538
419
117
313
355
406
842
311
931
555
568
16
224
805
216
220
775
848
539
798
297
767
801
722
340
768
175
489
178
63
104
716
172
221
28
527
317
560
528
248
114
787
264
28
591
480
249
365
17
478
853
4
244
344
726
275
802
902
454
980
655
248
385
827
160
413
44
477
974
262
725
778
48
679
807
640
849
746
695
866
223
548
560
158
582
286
123
383
878
577
52
532
825
437
48
675
540
92
152
203
45
567
982
93
246
478
423
94
223
118
651
136
356
210
985
938
186
107
10
63
684
62
285
199
499
334
874
38
116
716
242
161
283
914
255
529
391
368
623
304
176
273
130
222
174
115
159
360
222
860
424
597
922
709
796
110
733
359
840
850
75
772
10
48
685
956
577
766
324
890
760
190
854
890
413
27
4
262
387
918
122
501
514
734
901
1000
845
633
358
374
482
123
145
493
171
520
138
438
285
462
328
735
343
181
624
756
899
319
17
285
927
139
477
440
874
377
439
408
9
487
782
182
301
617
365
472
136
503
911
111
656
929
846
999
109
159
754
698
168
461
983
94
601
149
224
164
526
353
262
226
841
734
408
832
40
773
303
176
275
904
978
931
832
513
619
631
362
372
328
531
834
1
315
124
150
230
979
677
583
240
903
113
664
0
945
704
773
939
570
47
842
547
669
364
750
287
995
111
350
323
332
874
14
338
998
164
568
666
531
841
596
123
645
259
123
589
653
896
217
222
634
750
459
993
113
208
970
107
9
319
120
342
192
825
680
880
990
938
235
210
778
831
334
112
89
147
702
742
734
609
654
57
358
112
49
471
320
18
269
330
28
79
362
911
595
732
481
274
669
716
484
136
547
508
249
326
656
641
68
79
940
412
136
298
525
876
459
535
584
418
555
612
188
607
523
783
338
3
56
697
719
540
524
956
739
773
282
84
103
40
163
42
452
990
30
977
865
490
202
138
598
757
751
786
364
964
258
392
657
314
89
65
545
613
21
974
75
303
57
869
343
911
601
485
590
632
462
454
812
354
592
99
801
32
576
855
686
834
247
342
839
26
98
73
329
810
737
94
112
794
653
145
394
253
320
984
575
472
127
76
826
409
176
627
442
752
481
818
275
418
160
804
134
949
877
463
758
613
557
560
96
209
395
180
153
715
163
728
187
290
805
12
390
671
329
522
422
501
339
387
919
189
191
53
137
758
206
585
371
454
144
157
353
539
338
506
254
191
925
441
172
729
143
562
89
473
83
511
974
112
588
582
302
779
325
129
537
532
715
598
986
859
755
338
398
783
535
342
975
459
783
146
878
616
708
967
88
481
167
752
593
755
334
895
224
659
715
761
881
429
358
866
287
803
895
375
586
119
717
250
578
189
396
455
806
794
111
584
274
278
336
557
723
360
142
947
18
857
707
590
285
755
455
262
558
39
638
834
158
44
83
426
925
169
571
420
653
682
3
927
650
29
173
373
389
315
319
98
171
717
688
456
161
833
409
409
563
46
242
411
781
15
838
395
875
408
815
527
90
509
143
740
538
317
803
618
632
122
406
494
529
784
640
690
616
48
99
869
785
31
280
566
738
117
961
612
525
466
139
305
975
973
45
202
289
538
510
612
660
916
105
879
699
745
569
5
484
358
874
268
389
153
524
126
270
175
429
486
641
568
791
305
230
526
507
520
64
708
131
414
623
927
293
12
361
552
708
845
910
581
113
989
425
637
806
385
812
234
871
142
492
352
447
722
878
645
932
632
352
62
46
665
679
29
677
40
581
384
885
180
656
688
859
80
15
664
465
827
588
26
970
79
378
416
492
255
751
423
578
102
176
624
768
855
343
134
585
614
209
470
794
865
848
342
635
863
6
99
690
594
125
349
364
193
455
856
139
206
969
717
999
144
30
766
1000
373
901
584
987
800
744
470
664
282
812
298
144
508
87
524
793
904
563
847
96
709
702
926
915
670
642
913
505
672
369
504
735
960
778
411
759
212
571
422
494
73
410
328
581
187
853
63
781
105
910
568
814
301
493
728
972
826
331
476
497
390
670
923
349
137
333
107
39
905
219
223
978
319
552
248
196
94
312
978
199
221
235
13
523
728
431
184
553
452
350
741
842
710
663
881
847
996
988
577
590
897
800
567
215
351
816
412
135
818
389
335
729
624
38
251
41
159
125
285
302
165
25
834
875
378
715
412
63
702
989
654
599
788
911
504
830
416
916
965
233
995
990
963
308
718
904
40
878
720
325
179
885
40
703
760
418
417
862
171
810
850
515
98
327
426
602
847
532
208
812
456
202
491
108
201
209
702
241
777
421
256
646
306
296
348
756
404
766
617
575
575
156
781
673
173
206
965
20
428
172
832
884
375
322
682
266
221
384
507
998
495
763
643
491
749
992
246
152
757
553
417
21
399
197
694
573
93
658
593
212
831
114
786
896
126
468
852
348
542
358
345
36
811
679
528
559
670
464
401
116
17
818
137
106
706
521
679
489
869
271
701
389
385
487
975
512
645
826
550
186
183
895
913
684
263
130
242
933
595
333
739
302
842
566
408
547
86
87
726
956
48
427
34
124
604
9
636
939
835
185
124
18
770
727
392
724
858
635
656
142
968
85
444
809
651
542
45
428
319
772
73
368
889
107
182
182
116
818
120
952
693
935
660
152
661
51
876
208
376
222
350
344
307
484
843
648
26
579
75
35
40
148
93
619
256
275
801
372
92
921
13
475
855
673
318
205
415
193
414
791
105
454
825
412
939
358
751
655
937
826
690
977
665
784
595
921
58
85
983
842
5
997
316
550
359
634
445
774
518
859
565
623
313
79
726
942
437
476
596
373
992
285
39
656
68
324
266
818
409
940
659
104
626
975
344
985
299
790
449
507
338
704
129
341
783
545
282
220
20
878
283
703
854
323
48
922
337
315
739
437
254
87
541
570
62
576
244
51
365
693
248
703
86
377
735
870
923
16
780
633
585
753
25
438
766
74
49
103
389
789
540
333
876
771
903
628
346
146
369
401
530
617
795
616
685
529
175
297
545
645
620
820
398
646
257
163
720
307
957
799
786
186
822
351
648
414
670
994
560
729
85
780
36
880
86
721
98
261
708
333
597
327
153
995
663
100
848
72
407
805
871
883
991
382
925
638
796
594
322
46
12
97
826
48
667
912
769
765
864
166
97
460
494
941
454
156
41
992
920
448
796
790
21
477
172
946
805
658
229
817
704
241
914
530
290
270
131
749
34
995
916
823
454
99
763
598
946
804
590
865
943
75
345
964
552
517
599
47
865
828
864
569
759
468
98
48
428
920
488
463
915
403
976
368
502
738
657
137
232
246
2
174
321
347
828
564
554
116
611
418
944
164
987
702
322
775
441
751
695
929
904
299
21
879
357
213
306
13
350
538
259
352
402
581
389
920
835
943
35
445
51
669
299
37
61
622
503
192
62
888
120
966
186
832
534
543
44
840
557
394
378
506
437
470
777
826
390
611
459
115
55
510
475
45
237
536
667
740
418
729
627
538
384
503
59
918
46
103
447
293
187
515
799
624
986
576
140
65
877
599
871
623
799
345
668
35
571
24
466
989
443
783
216
827
286
275
434
22
378
881
315
256
396
804
880
71
69
710
136
947
999
6
259
797
352
927
523
613
951
989
602
393
771
508
910
747
784
343
769
852
223
774
107
309
578
678
380
337
387
516
283
76
213
542
563
255
158
85
868
108
764
159
191
225
668
100
972
451
133
741
993
47
514
100
356
782
468
737
119
545
943
92
621
846
325
875
100
483
960
659
282
414
818
163
639
485
264
610
626
397
40
619
444
245
409
491
26
877
918
145
421
860
929
733
396
253
607
496
426
566
154
398
670
663
562
308
147
516
609
774
913
649
392
47
584
801
538
611
367
455
446
788
4
374
520
400
317
126
587
434
383
431
832
52
93
83
51
932
599
350
705
202
689
787
249
273
277
477
884
644
932
19
431
626
84
642
717
401
768
994
525
841
424
47
584
208
130
635
139
420
985
534
622
673
320
871
946
597
347
519
931
969
539
51
284
623
693
0
714
151
994
930
992
108
977
575
316
797
900
145
216
574
679
528
938
999
88
573
285
435
92
215
93
321
266
378
944
650
68
347
801
62
276
482
861
252
748
867
740
647
11
646
912
690
174
849
378
262
421
353
388
203
258
171
524
214
549
467
864
308
505
354
370
781
837
921
724
274
787
463
611
798
799
522
177
973
370
555
235
482
598
313
685
856
484
209
760
724
366
624
31
871
668
401
342
194
11
65
468
798
218
79
595
16
291
462
990
662
707
915
834
304
227
518
850
401
727
609
124
784
923
155
654
591
246
996
785
257
751
944
54
969
22
339
986
3
801
665
665
197
269
188
501
496
707
40
897
123
650
21
907
262
867
251
853
113
246
328
370
688
271
115
656
984
454
331
987
946
996
342
142
264
530
334
450
927
374
37
50
714
749
647
977
615
898
519
728
835
537
98
522
808
213
177
481
357
199
158
993
194
190
135
149
410
159
289
337
223
326
77
938
74
724
604
380
312
122
107
146
660
896
668
157
799
535
329
156
734
487
839
619
367
974
768
777
823
747
804
46
73
881
984
838
295
277
217
607
399
15
753
749
911
110
907
710
645
926
556
379
102
394
688
469
58
145
936
571
892
740
617
655
310
290
493
295
567
400
592
657
105
344
95
16
144
692
416
790
617
662
859
719
746
546
878
494
381
814
65
272
243
372
928
243
353
110
539
610
200
130
266
306
165
362
12
1000
53
118
789
361
780
337
79
215
573
648
400
954
461
155
917
394
527
844
637
570
644
866
180
534
687
446
840
542
498
542
541
242
660
20
293
129
357
62
345
621
710
745
264
861
900
180
254
116
714
582
687
47
137
867
582
824
2
111
365
191
654
597
123
313
617
416
443
664
478
478
284
879
913
549
739
502
729
684
618
133
265
995
180
402
551
762
917
244
874
972
435
527
568
248
530
184
664
973
849
832
140
823
710
52
61
139
554
481
823
863
614
778
857
794
870
98
246
476
342
119
448
777
336
15
715
866
891
68
529
739
900
669
251
300
722
313
129
966
794
642
828
407
419
375
891
979
473
136
455
815
255
593
281
281
608
996
147
498
754
366
927
653
34
869
643
446
181
772
102
975
413
930
71
522
995
962
191
467
789
646
972
734
238
252
15
536
938
853
725
691
218
341
34
252
209
367
389
80
139
491
745
242
110
816
455
105
468
646
262
256
982
234
990
910
176
695
445
805
547
860
495
765
201
219
708
100
587
96
181
416
277
616
348
387
122
803
182
590
448
445
536
119
369
215
28
545
911
474
349
457
333
535
222
224
754
930
325
30
716
196
446
683
812
795
760
934
287
943
213
426
77
439
545
446
655
574
991
565
738
30
21
761
565
934
986
8
553
0
39
959
196
485
641
698
970
401
322
948
33
225
373
110
665
918
556
319
181
236
574
919
266
285
680
831
219
355
840
462
355
569
421
241
744
752
629
714
152
951
661
185
176
724
986
531
331
541
850
513
778
113
121
734
398
801
565
307
155
94
770
200
353
881
441
96
632
761
500
785
711
851
660
577
574
646
798
906
877
647
108
344
450
229
78
849
721
333
155
566
117
615
767
470
495
898
566
127
658
66
602
59
607
952
326
181
287
124
777
164
461
885
508
912
113
586
760
524
919
605
90
35
220
857
195
715
444
762
532
102
518
133
852
124
776
177
996
62
301
772
226
453
346
425
364
150
10
123
674
620
418
764
345
638
310
541
43
755
993
575
547
510
399
88
324
174
265
320
236
257
782
153
710
128
578
73
278
278
887
642
898
995
406
243
633
406
784
676
851
466
941
87
976
339
175
990
203
131
1000
130
78
782
283
788
600
551
551
568
829
127
209
727
121
305
660
444
402
133
810
252
599
751
30
574
780
896
253
674
26
253
804
104
725
777
582
324
327
823
582
155
640
481
572
452
477
231
896
879
364
396
821
963
837
541
226
616
437
480
980
463
423
473
258
147
249
530
161
576
43
743
422
683
914
684
134
390
916
721
959
970
116
470
933
953
10
849
258
447
18
238
601
441
711
549
588
961
78
439
226
121
872
338
495
786
22
629
866
628
349
825
597
465
985
219
107
995
759
366
442
777
604
733
218
4
281
496
655
49
936
572
862
807
600
356
282
312
675
148
940
715
663
227
870
647
136
978
331
895
343
463
672
637
195
890
331
476
385
987
216
10
248
77
818
848
123
790
160
798
938
790
202
290
16
72
937
153
49
959
47
82
421
409
409
617
989
430
783
374
416
999
74
354
766
582
202
889
372
52
377
309
842
579
290
859
341
917
702
390
875
439
162
296
849
261
913
837
692
385
901
798
74
666
152
840
247
44
419
619
96
486
619
938
755
909
486
96
825
187
486
390
317
339
686
165
600
288
692
982
673
283
780
437
949
932
277
195
666
386
505
762
562
123
389
316
722
876
412
236
753
589
626
69
928
311
925
217
289
307
199
653
590
979
89
228
600
56
423
265
132
928
717
694
741
105
10
462
671
422
699
424
10
324
183
628
326
799
846
305
105
735
958
385
403
738
613
2
794
35
958
617
654
364
310
84
159
320
547
831
433
936
945
133
950
127
762
966
616
297
271
721
31
919
105
434
656
718
126
140
444
774
757
788
137
757
872
296
768
418
817
200
43
761
333
994
579
94
959
194
391
229
606
112
839
401
546
494
119
362
324
253
135
80
40
963
838
912
950
605
20
766
495
63
217
828
56
486
613
706
370
694
625
976
807
463
377
42
648
186
95
972
439
230
52
169
884
580
80
833
875
791
288
369
855
505
887
601
991
499
997
51
193
622
26
690
84
93
422
732
970
517
394
408
438
446
267
321
716
38
844
590
829
131
649
373
637
535
665
317
34
661
368
918
282
85
297
57
869
719
479
839
927
873
937
364
8
204
375
724
242
218
3
761
349
652
134
676
187
799
684
912
149
742
519
432
517
506
179
386
915
348
224
841
912
851
895
920
54
269
334
987
177
27
748
217
680
572
893
557
60
266
158
209
8
677
331
215
182
510
601
96
549
515
628
460
56
522
69
110
482
403
788
349
431
225
566
801
487
149
357
547
415
205
756
113
882
778
329
754
978
620
540
526
826
858
986
882
70
746
682
552
148
469
591
269
384
157
69
871
306
116
417
411
321
864
525
893
641
544
336
618
854
877
835
679
424
510
560
494
255
933
736
404
91
327
363
476
484
433
36
480
239
144
891
561
7
105
143
338
649
480
646
193
46
170
872
470
681
122
965
936
745
390
29
836
717
393
311
891
516
38
370
755
182
261
5
880
56
840
908
396
319
553
589
365
724
150
525
94
963
489
29
707
880
59
543
286
142
544
177
658
582
237
102
764
188
799
333
245
638
240
641
647
484
920
11
898
69
536
992
32
716
20
739
285
770
281
261
912
516
128
259
97
366
362
552
554
851
885
489
178
816
820
825
299
739
836
196
809
61
187
531
467
207
269
442
668
241
704
579
757
832
529
544
888
581
95
132
431
671
621
609
176
131
433
475
870
959
671
368
710
548
899
177
445
859
309
112
99
12
382
546
535
911
89
112
491
876
244
922
236
556
220
412
687
653
887
246
301
247
615
10
485
203
878
930
61
187
42
851
890
114
86
424
24
867
227
515
432
471
126
668
26
36
770
403
689
346
650
680
593
955
690
77
848
258
697
910
445
429
450
24
543
227
139
567
93
366
772
525
837
588
883
554
624
652
957
2
998
296
682
280
941
62
47
789
320
744
388
455
173
838
479
716
755
618
974
848
674
435
62
511
23
945
755
647
596
711
340
283
698
21
563
638
83
610
426
93
44
814
548
908
342
718
313
96
25
286
635
700
722
697
901
435
332
655
772
618
55
111
902
753
133
464
81
907
765
507
691
499
11
929
406
43
646
719
830
362
696
154
61
107
542
652
232
874
306
3
491
361
115
392
805
939
547
886
845
1
82
225
190
784
154
596
827
490
4
347
852
390
501
603
187
42
254
419
606
560
423
97
612
228
179
416
166
416
301
701
417
73
927
607
858
80
893
684
570
588
721
112
668
222
715
856
955
660
965
561
219
387
658
521
615
527
937
471
944
928
172
50
1
98
348
859
869
240
232
438
518
954
550
186
175
956
732
129
615
696
380
524
774
37
45
78
255
982
550
198
910
722
248
601
510
596
459
378
527
691
506
44
644
747
921
509
702
652
329
316
38
709
530
812
437
575
890
692
247
439
580
847
851
828
447
360
114
906
428
641
286
935
375
621
681
987
129
72
328
148
78
366
858
608
177
985
874
758
366
120
887
946
967
428
773
103
478
887
8
907
217
985
531
593
605
902
579
735
974
907
883
742
964
430
349
831
104
222
588
470
32
165
415
689
593
879
792
70
455
490
667
673
475
197
956
79
98
534
504
762
130
387
503
93
507
853
925
612
765
202
81
488
57
187
176
650
65
969
721
520
148
387
192
623
275
147
703
373
371
897
135
192
283
638
976
481
180
590
783
636
793
864
123
850
741
990
190
806
648
601
16
797
678
208
419
953
46
812
326
107
709
151
299
682
479
275
853
660
555
635
986
347
189
108
888
930
788
77
736
436
368
442
232
45
650
341
999
386
844
14
184
242
165
173
614
644
138
467
994
694
101
979
40
290
777
618
911
565
385
336
0
753
778
923
489
117
954
487
504
487
501
378
419
356
551
33
690
690
190
684
383
982
352
113
963
129
732
873
384
807
208
74
250
986
687
739
102
330
225
296
818
416
674
927
462
225
960
151
605
840
525
988
822
568
100
784
387
522
656
771
329
554
535
269
539
221
7
331
551
923
628
58
338
992
986
490
907
635
331
511
475
857
188
987
114
289
460
501
501
115
271
520
359
806
789
588
717
486
919
267
408
236
16
436
919
692
926
825
326
257
26
491
804
214
167
918
193
627
418
385
432
379
905
791
875
384
378
281
870
988
238
278
223
254
714
832
946
330
657
963
277
373
143
80
277
311
998
471
938
105
856
60
174
450
851
739
834
920
19
394
907
257
672
820
512
75
652
147
95
999
109
372
371
253
452
648
254
139
809
882
935
354
942
108
805
793
537
328
712
556
722
308
814
83
127
15
850
469
162
945
467
963
317
528
906
459
867
159
289
365
40
223
720
983
22
214
465
559
542
867
115
955
174
619
37
992
324
887
461
176
522
618
138
529
837
43
988
393
893
276
758
624
190
477
606
212
381
761
461
924
627
266
878
801
575
605
792
899
182
943
75
704
251
213
232
87
948
910
480
530
186
237
153
66
405
449
969
786
209
429
399
526
386
967
326
961
262
809
860
444
441
935
147
692
838
69
779
475
979
949
696
855
877
539
921
281
989
889
757
888
8
847
414
394
813
430
354
74
238
213
518
680
838
355
61
366
424
841
531
403
789
226
257
355
456
869
636
444
757
83
21
765
930
125
849
432
556
203
197
484
106
405
854
635
761
916
691
875
446
221
968
925
138
225
280
594
784
606
728
540
689
749
996
308
875
534
741
120
737
938
604
534
342
148
168
793
63
859
668
509
770
635
433
598
550
403
191
333
9
609
564
698
48
249
6
613
783
437
733
520
64
26
744
406
174
912
890
237
460
247
436
229
882
560
828
122
963
709
455
972
318
709
360
56
958
56
669
741
493
401
951
557
117
694
653
292
295
232
219
755
479
346
674
51
906
191
173
868
901
318
530
909
27
580
965
675
636
323
105
128
414
55
375
531
439
718
513
734
951
733
178
119
78
853
170
984
43
343
541
634
352
761
542
69
340
196
744
976
519
850
794
933
595
859
154
725
267
667
458
908
399
327
26
167
179
197
841
222
230
72
857
272
523
88
341
864
976
776
529
494
315
13
117
600
562
962
324
829
628
473
736
718
800
453
575
979
340
416
891
260
488
437
533
10
216
564
564
191
339
784
375
654
797
182
945
358
143
268
187
462
741
613
179
230
65
754
899
405
860
480
666
37
917
889
48
823
452
302
704
792
85
79
135
882
952
79
931
95
38
808
247
469
420
116
700
176
560
598
271
420
77
627
457
685
515
195
197
658
498
902
139
273
671
274
846
622
44
776
407
82
583
654
551
693
770
941
559
330
229
521
750
306
838
897
681
43
92
879
701
280
470
840
553
140
804
88
762
848
864
169
620
136
823
862
520
283
802
769
613
30
289
52
27
127
949
398
170
731
967
561
701
436
400
945
576
203
32
28
742
587
197
361
723
710
913
933
993
715
702
295
435
681
347
152
498
987
241
358
407
207
919
108
334
318
743
910
212
